% -------------------------------------------------------------------
%  Generated by MATLAB on 17-Oct-2023 07:54:04
%  MATLAB version: 8.5.0.197613 (R2015a)
% -------------------------------------------------------------------
                                    

ans = ...
  [1 -0.035236657729137824;
   -0.035236657729137824 1];

x = ...
  [1 6 3;
   4 15 6;
   7 24 9];

y = ...
  [11.0753342790922 11.776791263515284;
   13.667770029190173 7.7058597860616995;
   5.4823062779927039 7.8622590836639361;
   11.724346640736242 8.38100261115025;
   10.637530479717961 4.1114316760102074;
   7.3846234073894532 12.876760585630198;
   9.132815955388633 10.650381078912396;
   10.6852489330773 8.4901433616605928;
   17.15679387945152 12.740597080190456;
   15.538874059769753 6.576967162292604;
   7.3002261196869576 9.7955151078290186;
   16.069846932663708 9.5171059167852849;
   11.450808449892211 10.638413478331003;
   9.8738902536206883 10.625717193274857;
   11.429485807652192 8.2702401653510869;
   9.5900678834004509 9.9398974076074627;
   9.7517113035673759 9.6702419615819242;
   12.97939521557093 11.255414575057452;
   12.818068979600959 12.186531338078968;
   12.834384826859228 12.218546595228794;
   11.342994267216161 8.272694356022571;
   7.585026154629924 10.154718182260849;
   11.434477302657676 7.5717659127691821;
   13.260470578329459 7.7729985170264708;
   10.977787540623579 9.9863013437933041;
   12.06938601983572 13.0652606165695;
   11.453770266766476 8.4606681724926354;
   9.3931181504279682 10.742757625520115;
   10.587742934193317 9.5488311954574954;
   8.4254343924827246 12.234712277628933];

z = ...
  [0.5376671395461 0.8883956317576418;
   1.8338850145950865 -1.1470701069691505;
   -2.2588468610036481 -1.0688704581680317;
   0.86217332036812055 -0.80949869442487554;
   0.31876523985898081 -2.9442841619948963;
   -1.3076882963052734 1.4383802928150984;
   -0.43359202230568356 0.32519053945619786;
   0.34262446653864992 -0.75492831916970338;
   3.5783969397257605 1.3702985400952279;
   2.7694370298848772 -1.711516418853698;
   -1.3498869401565212 -0.10224244608549089;
   3.0349234663318545 -0.24144704160735794;
   0.72540422494610557 0.3192067391655018;
   -0.063054873189656191 0.31285859663742843;
   0.71474290382609584 -0.86487991732445646;
   -0.20496605829977463 -0.030051296196268559;
   -0.12414434821631191 -0.1648790192090383;
   1.4896976077854649 0.62770728752872651;
   1.4090344898004792 1.093265669039484;
   1.4171924134296139 1.1092732976143975;
   0.6714971336080805 -0.8636528219887144;
   -1.2074869226850378 0.077359091130424926;
   0.71723865132883846 -1.2141170436154092;
   1.6302352891647292 -1.1135007414867644;
   0.48889377031178938 -0.0068493281033480645;
   1.0346930099178602 1.5326303082847499;
   0.7268851333832379 -0.76966591375368187;
   -0.30344092478601592 0.37137881276005774;
   0.29387146709665807 -0.22558440227125193;
   -0.78728280375863757 1.1173561388144666];

