% -------------------------------------------------------------------
%  Generated by MATLAB on 18-Oct-2023 12:10:29
%  MATLAB version: 8.5.0.197613 (R2015a)
% -------------------------------------------------------------------
                                           

ans = 2.0939376275945247;

x = [12.06938601983572; 11.453770266766476; 9.3931181504279682; 10.587742934193317; ...
     8.4254343924827246; 11.776791263515284; 7.7058597860616995; 7.8622590836639361; ...
     8.38100261115025; 4.1114316760102074; 12.876760585630198; 10.650381078912396; ...
     8.4901433616605928; 12.740597080190456; 6.576967162292604; 9.7955151078290186; ...
     9.5171059167852849; 10.638413478331003; 10.625717193274857; 8.2702401653510869; ...
     9.9398974076074627; 9.6702419615819242; 11.255414575057452; 12.186531338078968; ...
     12.218546595228794];

z = [1.0346930099178602; 0.7268851333832379; -0.30344092478601592; 0.29387146709665807; ...
     -0.78728280375863757; 0.8883956317576418; -1.1470701069691505; -1.0688704581680317; ...
     -0.80949869442487554; -2.9442841619948963; 1.4383802928150984; 0.32519053945619786; ...
     -0.75492831916970338; 1.3702985400952279; -1.711516418853698; -0.10224244608549089; ...
     -0.24144704160735794; 0.3192067391655018; 0.31285859663742843; -0.86487991732445646; ...
     -0.030051296196268559; -0.1648790192090383; 0.62770728752872651; 1.093265669039484; ...
     1.1092732976143975];

